00000000 00DD1FFC 00000000 FFFFFFFC 00000000 00000000 00000000 00000000 00000000 00000000 00000000 00000000 00000000 00000000 00000000 00000000 00000000 00000000
00000001 0F9D1000 00000000 00000000 00000000 00000000 00000000 00000000 00000000 00000000 00000000 00000000 00000000 00000000 00000000 FFFFFFFC 00000000 00000000
00000002 0FAD1001 00000000 00000001 00000000 00000000 00000000 00000000 00000000 00000000 00000000 00000000 00000000 00000000 00000000 FFFFFFFC 00000000 00000000
00000003 0FBD1002 00000000 00000002 00000000 00000000 00000000 00000000 00000000 00000000 00000000 00000000 00000000 00000000 00000000 FFFFFFFC 00000000 00000000
00000004 0FFD1003 00000000 00000003 00000000 00000000 00000000 00000000 00000000 00000000 00000000 00000000 00000000 00000000 00000000 FFFFFFFC 00000000 00000000
00000005 01910100 00000000 00000100 00000000 00000000 00000000 00000000 00000000 00000000 00000000 00000000 00000000 00000000 00000000 FFFFFFFC 00000000 00000000
00000006 01A10110 00000000 00000110 00000000 00000000 00000000 00000000 00000000 00000000 00000000 00000100 00000000 00000000 00000000 FFFFFFFC 00000000 00000000
00000007 01B10120 00000000 00000120 00000000 00000000 00000000 00000000 00000000 00000000 00000000 00000100 00000110 00000000 00000000 FFFFFFFC 00000000 00000000
00000008 01500000 00000000 00000000 00000000 00000000 00000000 00000000 00000000 00000000 00000000 00000100 00000110 00000120 00000000 FFFFFFFC 00000000 00000000
00000009 01810010 00000000 00000010 00000000 00000000 00000000 00000000 00000000 00000000 00000000 00000100 00000110 00000120 00000000 FFFFFFFC 00000000 00000000
0000000A 0E695000 00000000 00000000 00000000 00000000 00000000 00000000 00000000 00000000 00000010 00000100 00000110 00000120 00000000 FFFFFFFC 00000000 00000000
0000000B 0E7A5000 00000000 00000000 00000000 00000000 00000000 00000000 00000004 00000000 00000010 00000100 00000110 00000120 00000000 FFFFFFFC 00000000 00000000
0000000C 00767000 00000000 00000000 00000000 00000000 00000000 00000000 00000004 00000008 00000010 00000100 00000110 00000120 00000000 FFFFFFFC 00000000 00000000
0000000D 0F7B5000 00000000 00000000 00000000 00000000 00000000 00000000 00000004 0000000C 00000010 00000100 00000110 00000120 00000000 FFFFFFFC 00000000 00000000
0000000E 00551001 00000000 00000001 00000000 00000000 00000000 00000000 00000004 0000000C 00000010 00000100 00000110 00000120 00000000 FFFFFFFC 00000000 00000000
0000000F 0A18500A 00000000 0000000A 00000000 00000000 00000000 00000001 00000004 0000000C 00000010 00000100 00000110 00000120 00000000 FFFFFFFC 00000000 00000000
0000000A 0E695000 00000000 00000000 00000000 00000000 00000000 00000001 00000004 0000000C 00000010 00000100 00000110 00000120 00000000 FFFFFFFC 00000000 00000000
0000000B 0E7A5000 00000000 00000000 00000000 00000000 00000000 00000001 00000003 0000000C 00000010 00000100 00000110 00000120 00000000 FFFFFFFC 00000000 00000000
0000000C 00767000 00000000 00000000 00000000 00000000 00000000 00000001 00000003 00000001 00000010 00000100 00000110 00000120 00000000 FFFFFFFC 00000000 00000000
0000000D 0F7B5000 00000000 00000000 00000000 00000000 00000000 00000001 00000003 00000004 00000010 00000100 00000110 00000120 00000000 FFFFFFFC 00000000 00000000
0000000E 00551001 00000000 00000001 00000000 00000000 00000000 00000001 00000003 00000004 00000010 00000100 00000110 00000120 00000000 FFFFFFFC 00000000 00000000
0000000F 0A18500A 00000000 0000000A 00000000 00000000 00000000 00000002 00000003 00000004 00000010 00000100 00000110 00000120 00000000 FFFFFFFC 00000000 00000000
0000000A 0E695000 00000000 00000000 00000000 00000000 00000000 00000002 00000003 00000004 00000010 00000100 00000110 00000120 00000000 FFFFFFFC 00000000 00000000
0000000B 0E7A5000 00000000 00000000 00000000 00000000 00000000 00000002 00000002 00000004 00000010 00000100 00000110 00000120 00000000 FFFFFFFC 00000000 00000000
0000000C 00767000 00000000 00000000 00000000 00000000 00000000 00000002 00000002 00000002 00000010 00000100 00000110 00000120 00000000 FFFFFFFC 00000000 00000000
0000000D 0F7B5000 00000000 00000000 00000000 00000000 00000000 00000002 00000002 00000004 00000010 00000100 00000110 00000120 00000000 FFFFFFFC 00000000 00000000
0000000E 00551001 00000000 00000001 00000000 00000000 00000000 00000002 00000002 00000004 00000010 00000100 00000110 00000120 00000000 FFFFFFFC 00000000 00000000
0000000F 0A18500A 00000000 0000000A 00000000 00000000 00000000 00000003 00000002 00000004 00000010 00000100 00000110 00000120 00000000 FFFFFFFC 00000000 00000000
0000000A 0E695000 00000000 00000000 00000000 00000000 00000000 00000003 00000002 00000004 00000010 00000100 00000110 00000120 00000000 FFFFFFFC 00000000 00000000
0000000B 0E7A5000 00000000 00000000 00000000 00000000 00000000 00000003 00000001 00000004 00000010 00000100 00000110 00000120 00000000 FFFFFFFC 00000000 00000000
0000000C 00767000 00000000 00000000 00000000 00000000 00000000 00000003 00000001 00000003 00000010 00000100 00000110 00000120 00000000 FFFFFFFC 00000000 00000000
0000000D 0F7B5000 00000000 00000000 00000000 00000000 00000000 00000003 00000001 00000004 00000010 00000100 00000110 00000120 00000000 FFFFFFFC 00000000 00000000
0000000E 00551001 00000000 00000001 00000000 00000000 00000000 00000003 00000001 00000004 00000010 00000100 00000110 00000120 00000000 FFFFFFFC 00000000 00000000
0000000F 0A18500A 00000000 0000000A 00000000 00000000 00000000 00000004 00000001 00000004 00000010 00000100 00000110 00000120 00000000 FFFFFFFC 00000000 00000000
0000000A 0E695000 00000000 00000000 00000000 00000000 00000000 00000004 00000001 00000004 00000010 00000100 00000110 00000120 00000000 FFFFFFFC 00000000 00000000
0000000B 0E7A5000 00000000 00000000 00000000 00000000 00000000 00000004 00000003 00000004 00000010 00000100 00000110 00000120 00000000 FFFFFFFC 00000000 00000000
0000000C 00767000 00000000 00000000 00000000 00000000 00000000 00000004 00000003 00000002 00000010 00000100 00000110 00000120 00000000 FFFFFFFC 00000000 00000000
0000000D 0F7B5000 00000000 00000000 00000000 00000000 00000000 00000004 00000003 00000005 00000010 00000100 00000110 00000120 00000000 FFFFFFFC 00000000 00000000
0000000E 00551001 00000000 00000001 00000000 00000000 00000000 00000004 00000003 00000005 00000010 00000100 00000110 00000120 00000000 FFFFFFFC 00000000 00000000
0000000F 0A18500A 00000000 0000000A 00000000 00000000 00000000 00000005 00000003 00000005 00000010 00000100 00000110 00000120 00000000 FFFFFFFC 00000000 00000000
0000000A 0E695000 00000000 00000000 00000000 00000000 00000000 00000005 00000003 00000005 00000010 00000100 00000110 00000120 00000000 FFFFFFFC 00000000 00000000
0000000B 0E7A5000 00000000 00000000 00000000 00000000 00000000 00000005 00000001 00000005 00000010 00000100 00000110 00000120 00000000 FFFFFFFC 00000000 00000000
0000000C 00767000 00000000 00000000 00000000 00000000 00000000 00000005 00000001 00000002 00000010 00000100 00000110 00000120 00000000 FFFFFFFC 00000000 00000000
0000000D 0F7B5000 00000000 00000000 00000000 00000000 00000000 00000005 00000001 00000003 00000010 00000100 00000110 00000120 00000000 FFFFFFFC 00000000 00000000
0000000E 00551001 00000000 00000001 00000000 00000000 00000000 00000005 00000001 00000003 00000010 00000100 00000110 00000120 00000000 FFFFFFFC 00000000 00000000
0000000F 0A18500A 00000000 0000000A 00000000 00000000 00000000 00000006 00000001 00000003 00000010 00000100 00000110 00000120 00000000 FFFFFFFC 00000000 00000000
0000000A 0E695000 00000000 00000000 00000000 00000000 00000000 00000006 00000001 00000003 00000010 00000100 00000110 00000120 00000000 FFFFFFFC 00000000 00000000
0000000B 0E7A5000 00000000 00000000 00000000 00000000 00000000 00000006 00000004 00000003 00000010 00000100 00000110 00000120 00000000 FFFFFFFC 00000000 00000000
0000000C 00767000 00000000 00000000 00000000 00000000 00000000 00000006 00000004 00000001 00000010 00000100 00000110 00000120 00000000 FFFFFFFC 00000000 00000000
0000000D 0F7B5000 00000000 00000000 00000000 00000000 00000000 00000006 00000004 00000005 00000010 00000100 00000110 00000120 00000000 FFFFFFFC 00000000 00000000
0000000E 00551001 00000000 00000001 00000000 00000000 00000000 00000006 00000004 00000005 00000010 00000100 00000110 00000120 00000000 FFFFFFFC 00000000 00000000
0000000F 0A18500A 00000000 0000000A 00000000 00000000 00000000 00000007 00000004 00000005 00000010 00000100 00000110 00000120 00000000 FFFFFFFC 00000000 00000000
0000000A 0E695000 00000000 00000000 00000000 00000000 00000000 00000007 00000004 00000005 00000010 00000100 00000110 00000120 00000000 FFFFFFFC 00000000 00000000
0000000B 0E7A5000 00000000 00000000 00000000 00000000 00000000 00000007 00000004 00000005 00000010 00000100 00000110 00000120 00000000 FFFFFFFC 00000000 00000000
0000000C 00767000 00000000 00000000 00000000 00000000 00000000 00000007 00000004 00000002 00000010 00000100 00000110 00000120 00000000 FFFFFFFC 00000000 00000000
0000000D 0F7B5000 00000000 00000000 00000000 00000000 00000000 00000007 00000004 00000006 00000010 00000100 00000110 00000120 00000000 FFFFFFFC 00000000 00000000
0000000E 00551001 00000000 00000001 00000000 00000000 00000000 00000007 00000004 00000006 00000010 00000100 00000110 00000120 00000000 FFFFFFFC 00000000 00000000
0000000F 0A18500A 00000000 0000000A 00000000 00000000 00000000 00000008 00000004 00000006 00000010 00000100 00000110 00000120 00000000 FFFFFFFC 00000000 00000000
0000000A 0E695000 00000000 00000000 00000000 00000000 00000000 00000008 00000004 00000006 00000010 00000100 00000110 00000120 00000000 FFFFFFFC 00000000 00000000
0000000B 0E7A5000 00000000 00000000 00000000 00000000 00000000 00000008 00000003 00000006 00000010 00000100 00000110 00000120 00000000 FFFFFFFC 00000000 00000000
0000000C 00767000 00000000 00000000 00000000 00000000 00000000 00000008 00000003 00000001 00000010 00000100 00000110 00000120 00000000 FFFFFFFC 00000000 00000000
0000000D 0F7B5000 00000000 00000000 00000000 00000000 00000000 00000008 00000003 00000004 00000010 00000100 00000110 00000120 00000000 FFFFFFFC 00000000 00000000
0000000E 00551001 00000000 00000001 00000000 00000000 00000000 00000008 00000003 00000004 00000010 00000100 00000110 00000120 00000000 FFFFFFFC 00000000 00000000
0000000F 0A18500A 00000000 0000000A 00000000 00000000 00000000 00000009 00000003 00000004 00000010 00000100 00000110 00000120 00000000 FFFFFFFC 00000000 00000000
0000000A 0E695000 00000000 00000000 00000000 00000000 00000000 00000009 00000003 00000004 00000010 00000100 00000110 00000120 00000000 FFFFFFFC 00000000 00000000
0000000B 0E7A5000 00000000 00000000 00000000 00000000 00000000 00000009 00000002 00000004 00000010 00000100 00000110 00000120 00000000 FFFFFFFC 00000000 00000000
0000000C 00767000 00000000 00000000 00000000 00000000 00000000 00000009 00000002 00000002 00000010 00000100 00000110 00000120 00000000 FFFFFFFC 00000000 00000000
0000000D 0F7B5000 00000000 00000000 00000000 00000000 00000000 00000009 00000002 00000004 00000010 00000100 00000110 00000120 00000000 FFFFFFFC 00000000 00000000
0000000E 00551001 00000000 00000001 00000000 00000000 00000000 00000009 00000002 00000004 00000010 00000100 00000110 00000120 00000000 FFFFFFFC 00000000 00000000
0000000F 0A18500A 00000000 0000000A 00000000 00000000 00000000 0000000A 00000002 00000004 00000010 00000100 00000110 00000120 00000000 FFFFFFFC 00000000 00000000
0000000A 0E695000 00000000 00000000 00000000 00000000 00000000 0000000A 00000002 00000004 00000010 00000100 00000110 00000120 00000000 FFFFFFFC 00000000 00000000
0000000B 0E7A5000 00000000 00000000 00000000 00000000 00000000 0000000A 00000003 00000004 00000010 00000100 00000110 00000120 00000000 FFFFFFFC 00000000 00000000
0000000C 00767000 00000000 00000000 00000000 00000000 00000000 0000000A 00000003 00000003 00000010 00000100 00000110 00000120 00000000 FFFFFFFC 00000000 00000000
0000000D 0F7B5000 00000000 00000000 00000000 00000000 00000000 0000000A 00000003 00000006 00000010 00000100 00000110 00000120 00000000 FFFFFFFC 00000000 00000000
0000000E 00551001 00000000 00000001 00000000 00000000 00000000 0000000A 00000003 00000006 00000010 00000100 00000110 00000120 00000000 FFFFFFFC 00000000 00000000
0000000F 0A18500A 00000000 0000000A 00000000 00000000 00000000 0000000B 00000003 00000006 00000010 00000100 00000110 00000120 00000000 FFFFFFFC 00000000 00000000
0000000A 0E695000 00000000 00000000 00000000 00000000 00000000 0000000B 00000003 00000006 00000010 00000100 00000110 00000120 00000000 FFFFFFFC 00000000 00000000
0000000B 0E7A5000 00000000 00000000 00000000 00000000 00000000 0000000B 00000003 00000006 00000010 00000100 00000110 00000120 00000000 FFFFFFFC 00000000 00000000
0000000C 00767000 00000000 00000000 00000000 00000000 00000000 0000000B 00000003 00000004 00000010 00000100 00000110 00000120 00000000 FFFFFFFC 00000000 00000000
0000000D 0F7B5000 00000000 00000000 00000000 00000000 00000000 0000000B 00000003 00000007 00000010 00000100 00000110 00000120 00000000 FFFFFFFC 00000000 00000000
0000000E 00551001 00000000 00000001 00000000 00000000 00000000 0000000B 00000003 00000007 00000010 00000100 00000110 00000120 00000000 FFFFFFFC 00000000 00000000
0000000F 0A18500A 00000000 0000000A 00000000 00000000 00000000 0000000C 00000003 00000007 00000010 00000100 00000110 00000120 00000000 FFFFFFFC 00000000 00000000
0000000A 0E695000 00000000 00000000 00000000 00000000 00000000 0000000C 00000003 00000007 00000010 00000100 00000110 00000120 00000000 FFFFFFFC 00000000 00000000
0000000B 0E7A5000 00000000 00000000 00000000 00000000 00000000 0000000C 00000005 00000007 00000010 00000100 00000110 00000120 00000000 FFFFFFFC 00000000 00000000
0000000C 00767000 00000000 00000000 00000000 00000000 00000000 0000000C 00000005 00000004 00000010 00000100 00000110 00000120 00000000 FFFFFFFC 00000000 00000000
0000000D 0F7B5000 00000000 00000000 00000000 00000000 00000000 0000000C 00000005 00000009 00000010 00000100 00000110 00000120 00000000 FFFFFFFC 00000000 00000000
0000000E 00551001 00000000 00000001 00000000 00000000 00000000 0000000C 00000005 00000009 00000010 00000100 00000110 00000120 00000000 FFFFFFFC 00000000 00000000
0000000F 0A18500A 00000000 0000000A 00000000 00000000 00000000 0000000D 00000005 00000009 00000010 00000100 00000110 00000120 00000000 FFFFFFFC 00000000 00000000
0000000A 0E695000 00000000 00000000 00000000 00000000 00000000 0000000D 00000005 00000009 00000010 00000100 00000110 00000120 00000000 FFFFFFFC 00000000 00000000
0000000B 0E7A5000 00000000 00000000 00000000 00000000 00000000 0000000D 00000003 00000009 00000010 00000100 00000110 00000120 00000000 FFFFFFFC 00000000 00000000
0000000C 00767000 00000000 00000000 00000000 00000000 00000000 0000000D 00000003 00000005 00000010 00000100 00000110 00000120 00000000 FFFFFFFC 00000000 00000000
0000000D 0F7B5000 00000000 00000000 00000000 00000000 00000000 0000000D 00000003 00000008 00000010 00000100 00000110 00000120 00000000 FFFFFFFC 00000000 00000000
0000000E 00551001 00000000 00000001 00000000 00000000 00000000 0000000D 00000003 00000008 00000010 00000100 00000110 00000120 00000000 FFFFFFFC 00000000 00000000
0000000F 0A18500A 00000000 0000000A 00000000 00000000 00000000 0000000E 00000003 00000008 00000010 00000100 00000110 00000120 00000000 FFFFFFFC 00000000 00000000
0000000A 0E695000 00000000 00000000 00000000 00000000 00000000 0000000E 00000003 00000008 00000010 00000100 00000110 00000120 00000000 FFFFFFFC 00000000 00000000
0000000B 0E7A5000 00000000 00000000 00000000 00000000 00000000 0000000E 00000004 00000008 00000010 00000100 00000110 00000120 00000000 FFFFFFFC 00000000 00000000
0000000C 00767000 00000000 00000000 00000000 00000000 00000000 0000000E 00000004 00000002 00000010 00000100 00000110 00000120 00000000 FFFFFFFC 00000000 00000000
0000000D 0F7B5000 00000000 00000000 00000000 00000000 00000000 0000000E 00000004 00000006 00000010 00000100 00000110 00000120 00000000 FFFFFFFC 00000000 00000000
0000000E 00551001 00000000 00000001 00000000 00000000 00000000 0000000E 00000004 00000006 00000010 00000100 00000110 00000120 00000000 FFFFFFFC 00000000 00000000
0000000F 0A18500A 00000000 0000000A 00000000 00000000 00000000 0000000F 00000004 00000006 00000010 00000100 00000110 00000120 00000000 FFFFFFFC 00000000 00000000
0000000A 0E695000 00000000 00000000 00000000 00000000 00000000 0000000F 00000004 00000006 00000010 00000100 00000110 00000120 00000000 FFFFFFFC 00000000 00000000
0000000B 0E7A5000 00000000 00000000 00000000 00000000 00000000 0000000F 00000004 00000006 00000010 00000100 00000110 00000120 00000000 FFFFFFFC 00000000 00000000
0000000C 00767000 00000000 00000000 00000000 00000000 00000000 0000000F 00000004 00000001 00000010 00000100 00000110 00000120 00000000 FFFFFFFC 00000000 00000000
0000000D 0F7B5000 00000000 00000000 00000000 00000000 00000000 0000000F 00000004 00000005 00000010 00000100 00000110 00000120 00000000 FFFFFFFC 00000000 00000000
0000000E 00551001 00000000 00000001 00000000 00000000 00000000 0000000F 00000004 00000005 00000010 00000100 00000110 00000120 00000000 FFFFFFFC 00000000 00000000
0000000F 0A18500A 00000000 0000000A 00000000 00000000 00000000 00000010 00000004 00000005 00000010 00000100 00000110 00000120 00000000 FFFFFFFC 00000000 00000000
00000010 0E9D1000 00000000 00000000 00000000 00000000 00000000 00000010 00000004 00000005 00000010 00000100 00000110 00000120 00000000 FFFFFFFC 00000000 00000000
00000011 0EAD1001 00000000 00000001 00000000 00000000 00000000 00000010 00000004 00000005 00000010 00000100 00000110 00000120 00000000 FFFFFFFC 00000000 00000000
00000012 0EBD1002 00000000 00000002 00000000 00000000 00000000 00000010 00000004 00000005 00000010 00000100 00000110 00000120 00000000 FFFFFFFC 00000000 00000000
00000013 0EFD1003 00000000 00000003 00000000 00000000 00000000 00000010 00000004 00000005 00000010 00000100 00000110 00000120 00000000 FFFFFFFC 00000000 00000000
00000014 00DD1004 00000000 00000004 00000000 00000000 00000000 00000010 00000004 00000005 00000010 00000100 00000110 00000120 00000000 FFFFFFFC 00000000 00000000
00000015 13000000 00000000 00000000 00000000 00000000 00000000 00000010 00000004 00000005 00000010 00000100 00000110 00000120 00000000 00000000 00000000 00000000
